Robert Phillips 103 1015 115.54 4 108.15 3 102.15 1 107.19 5
Susan Ricardo 98 1016 174.15 6 132.14 4 181.54 4 185.67 5
William Acerba 203 1017 165.34 4 193.43 2 154.65 3 192.23 4
Jill Quercas 102 1018 186.85 3 196.65 3 324.44 5 175.34 7
Anthony Stallman 104 1019 175.54 4 283.43 6 293.23 4 192.54 2
Scott Jarod 36 1020 293.43 5 349.34 3 345.64 3 418.23 2
Fred Nostrandt 12 1021 482.23 4 384.23 2 384.45 4 934.53 4
Leanne McCulloch 215 1022 239.34 2 594.23 4 495.23 5 394.39 9
Valina Farland 220 1023 394.54 5 495.45 4 594.23 9 293.43 4
Ashton Blasdell 221 1024 473.99 9 293.98 2 485.38 8 384.95 3
Cullen Italski 123 1025 494.53 5 340.89 2 830.00 8 348.53 9
Haleigh Turner 144 1026 847.23 9 837.83 4 849.87 7 837.44 8
John Egland 212 1027 282.29 8 101.87 2 192.82 7 172.33 2
Debbie Young 133 1028 283.34 8 211.18 2 321.28 2 392.87 7
Larry Hon 135 1029 293.45 8 374.54 8 847.34 7 283.43 8
Doug Ulysses 132 1030 238.45 2 283.34 2 485.22 2 382.12 8
Bea Conrad 201 1031 283.43 2 234.45 5 583.45 4 734.73 8
Ed Klute 134 1032 293.43 5 837.45 8 934.98 7 938.28 5
Brian Larton 143 1033 193.45 5 985.34 3 349.59 9 934.34 2
Cory Gerard 200 1034 194.90 9 180.03 4 293.92 3 234.20 9
Aubrey Vander 185 1035 102.32 4 293.04 3 203.98 2 203.00 4
Ted Xerxes 181 1036 103.43 2 103.45 2 394.28 4 425.23 6
DeAnn Davis 202 1037 192.23 3 283.43 3 384.23 2 384.98 8
Ron Zening 76 1038 102.23 3 493.34 3 495.45 4 450.30 9
Peggy Wallis 199 1039 103.43 3 394.04 9 493.23 2 940.20 2
Amy Oloff 187 1040 102.30 2 184.03 4 103.45 2 394.34 8
